Best Tours for Simulated Annealing 


NAME = AISearchfile012,
TOURSIZE = 12,
LENGTH = 56,
4, 8, 6, 5, 2, 9, 10, 12, 11, 7, 1, 3


AME = AISearchfile017,
TOURSIZE = 17,
LENGTH = 1782,
16, 13, 15, 2, 3, 6, 4, 17, 7, 12, 14, 5, 10, 1, 11, 8, 9


NAME = AISearchfile021,
TOURSIZE = 21,
LENGTH = 3263,
10, 4, 5, 14, 11, 1, 2, 7, 3, 19, 17, 6, 9, 20, 8, 16, 18, 13, 12, 15, 21

NAME = AISearchfile026,
TOURSIZE = 26,
LENGTH = 1805,
10, 2, 19, 3, 25, 24, 8, 22, 20, 1, 21, 6, 12, 26, 11, 5, 15, 7, 13, 16, 4, 9, 23, 18, 14, 17


NAME = AISearchfile042,
TOURSIZE = 42,
LENGTH = 1895,
40, 12, 29, 3, 13, 34, 6, 16, 5, 30, 7, 28, 9, 10, 42, 36, 20, 8, 33, 19, 17, 32, 37, 25, 38, 24, 4, 39, 18, 27, 26, 11, 14, 41, 2, 31, 15, 23, 22, 35, 1, 21


NAME = AISearchfile048,
TOURSIZE = 48,
LENGTH = 17831,
38, 12, 14, 34, 24, 44, 36, 13, 31, 45, 19, 22, 41, 1, 17, 37, 10, 39, 29, 35, 6, 28, 27, 46, 8, 23, 30, 3, 48, 47, 42, 43, 40, 26, 9, 5, 15, 32, 21, 4, 16, 2, 7, 18, 33, 20, 25, 11



NAME = AISearchfile058,
TOURSIZE = 58,
LENGTH = 38122,
28, 39, 1, 21, 3, 51, 30, 26, 44, 18, 45, 37, 22, 14, 7, 5, 11, 55, 24, 48, 4, 10, 13, 53, 54, 50, 31, 33, 47, 27, 29, 20, 57, 32, 38, 35, 42, 52, 12, 8, 9, 41, 34, 19, 17, 56, 15, 23, 49, 58, 40, 43, 25, 6, 16, 36, 46, 2


NAME = AISearchfile175,
TOURSIZE = 175,
LENGTH = 43850,
24, 133, 116, 151, 77, 41, 120, 127, 27, 159, 81, 71, 12, 64, 42, 29, 99, 108, 109, 59, 25, 83, 157, 155, 113, 93, 30, 146, 110, 11, 49, 125, 65, 51, 80, 62, 156, 13, 89, 57, 168, 86, 117, 10, 37, 144, 67, 128, 48, 147, 96, 23, 55, 54, 28, 161, 26, 18, 44, 4, 123, 38, 119, 72, 175, 139, 170, 106, 32, 169, 87, 132, 40, 143, 107, 56, 5, 16, 61, 79, 163, 97, 167, 92, 73, 122, 134, 94, 82, 60, 171, 100, 162, 141, 130, 148, 101, 33, 145, 158, 118, 153, 136, 14, 43, 20, 3, 88, 121, 63, 17, 105, 174, 53, 138, 68, 160, 34, 2, 126, 45, 152, 131, 102, 124, 150, 7, 149, 84, 52, 114, 103, 135, 22, 164, 166, 1, 91, 85, 19, 39, 58, 90, 165, 78, 36, 95, 173, 142, 69, 47, 31, 74, 21, 50, 104, 46, 112, 75, 9, 70, 172, 137, 115, 98, 140, 129, 111, 76, 15, 66, 8, 6, 154, 35


NAME = AISearchfile180,
TOURSIZE = 180,
LENGTH = 8930,
46, 124, 5, 179, 6, 30, 146, 154, 65, 54, 126, 171, 9, 76, 86, 132, 36, 177, 109, 134, 49, 82, 10, 21, 13, 123, 159, 125, 31, 104, 51, 102, 81, 71, 75, 95, 14, 37, 122, 48, 69, 77, 105, 39, 172, 137, 58, 115, 4, 79, 17, 25, 53, 35, 96, 135, 165, 63, 34, 163, 7, 57, 107, 61, 85, 12, 141, 27, 80, 148, 56, 97, 18, 41, 167, 114, 176, 112, 138, 20, 47, 156, 175, 52, 121, 88, 140, 161, 50, 111, 157, 2, 43, 99, 3, 149, 118, 42, 127, 93, 26, 158, 145, 16, 160, 180, 117, 150, 108, 100, 84, 173, 83, 142, 164, 24, 129, 44, 120, 28, 178, 68, 89, 152, 155, 113, 22, 130, 33, 87, 38, 15, 67, 174, 19, 101, 103, 74, 166, 133, 153, 23, 78, 29, 147, 116, 131, 40, 62, 169, 143, 139, 94, 128, 55, 8, 168, 70, 144, 32, 119, 98, 162, 64, 66, 136, 11, 1, 45, 72, 59, 151, 170, 60, 90, 110, 92, 73, 106, 91




NAME = AISearchfile535,
TOURSIZE = 535,
LENGTH = 51038,
112, 213, 399, 227, 400, 76, 432, 187, 304, 20, 376, 10, 45, 77, 153, 160, 489, 3, 266, 285, 118, 48, 439, 313, 418, 62, 483, 419, 145, 142, 176, 254, 528, 535, 217, 445, 527, 165, 168, 133, 16, 382, 468, 420, 384, 469, 72, 57, 276, 238, 514, 81, 163, 409, 4, 297, 70, 222, 204, 21, 347, 197, 457, 98, 401, 38, 284, 1, 51, 244, 465, 490, 14, 173, 78, 446, 235, 212, 474, 525, 321, 129, 178, 522, 411, 263, 88, 248, 258, 455, 35, 355, 485, 8, 327, 487, 96, 174, 424, 109, 277, 23, 532, 86, 140, 280, 388, 378, 505, 330, 459, 80, 177, 412, 13, 306, 104, 407, 523, 97, 110, 349, 255, 430, 398, 186, 191, 127, 451, 63, 71, 484, 471, 65, 323, 530, 83, 230, 433, 114, 442, 458, 515, 273, 477, 518, 521, 162, 143, 506, 272, 135, 346, 111, 320, 198, 42, 467, 137, 502, 333, 74, 331, 131, 461, 300, 511, 249, 5, 24, 470, 390, 503, 357, 120, 508, 102, 147, 210, 435, 53, 524, 196, 181, 513, 478, 87, 358, 377, 422, 460, 170, 44, 302, 156, 370, 154, 233, 203, 367, 75, 130, 264, 179, 519, 449, 380, 318, 6, 464, 436, 497, 201, 259, 245, 496, 387, 414, 56, 211, 22, 360, 29, 256, 305, 332, 33, 225, 441, 92, 15, 85, 229, 504, 292, 157, 26, 385, 462, 207, 260, 99, 368, 47, 250, 144, 324, 479, 516, 308, 49, 119, 106, 124, 91, 341, 345, 481, 169, 533, 32, 366, 11, 396, 152, 480, 107, 113, 232, 128, 18, 365, 498, 473, 343, 54, 314, 361, 105, 194, 52, 242, 373, 195, 296, 60, 193, 438, 526, 202, 90, 31, 476, 322, 289, 312, 493, 73, 298, 275, 117, 287, 336, 303, 311, 510, 421, 408, 39, 59, 182, 270, 61, 325, 492, 329, 251, 315, 67, 317, 123, 126, 146, 428, 475, 95, 413, 417, 220, 295, 350, 138, 328, 159, 172, 310, 326, 319, 175, 402, 434, 224, 116, 294, 121, 183, 265, 512, 393, 278, 216, 495, 125, 236, 246, 274, 28, 209, 189, 101, 494, 171, 364, 262, 342, 403, 267, 334, 344, 291, 397, 167, 383, 7, 363, 79, 115, 416, 391, 354, 84, 247, 164, 437, 132, 161, 392, 452, 375, 444, 206, 338, 427, 94, 463, 226, 37, 359, 268, 362, 429, 239, 534, 25, 299, 141, 148, 431, 93, 394, 453, 185, 316, 372, 180, 423, 482, 381, 231, 261, 339, 192, 30, 40, 19, 205, 283, 520, 68, 301, 215, 43, 340, 64, 139, 293, 134, 237, 371, 55, 103, 269, 472, 122, 307, 221, 356, 100, 184, 34, 499, 36, 509, 108, 243, 166, 440, 208, 389, 219, 257, 374, 241, 406, 351, 448, 486, 500, 50, 290, 58, 337, 410, 386, 158, 450, 531, 348, 369, 155, 252, 150, 228, 279, 223, 466, 200, 426, 136, 447, 425, 507, 454, 379, 395, 214, 517, 188, 17, 405, 353, 199, 288, 456, 335, 286, 282, 253, 218, 352, 2, 9, 309, 151, 69, 82, 488, 501, 27, 46, 491, 281, 404, 66, 240, 415, 149, 271, 41, 190, 443, 234, 12, 89, 529


